P2
#origin 5 5
11 11
255
000 000 000 000 000 000 000 000 000 000 000 
000 000 000 000 000 000 000 000 000 000 000 
000 000 000 000 000 000 000 000 000 000 000 
000 000 000 000 000 255 000 000 000 000 000 
000 000 000 000 255 000 255 000 000 000 000 
000 000 000 255 255 255 255 255 000 000 000 
000 000 000 000 000 000 000 000 000 000 000 
000 000 000 000 000 000 000 000 000 000 000 
000 000 000 000 000 000 000 000 000 000 000 
000 000 000 000 000 000 000 000 000 000 000 
000 000 000 000 000 000 000 000 000 000 000 
